file_name	A	C	G	T	AA	AC	AG	AT	CA	CC	CG	CT	GA	GC	GG	GT	TA	TC	TG	TT	2-1_AAA	2-1_AAC	2-1_AAG	2-1_AAT	2-1_ACA	2-1_ACC	2-1_ACG	2-1_ACT	2-1_AGA	2-1_AGC	2-1_AGG	2-1_AGT	2-1_ATA	2-1_ATC	2-1_ATG	2-1_ATT	2-1_CAA	2-1_CAC	2-1_CAG	2-1_CAT	2-1_CCA	2-1_CCC	2-1_CCG	2-1_CCT	2-1_CGA	2-1_CGC	2-1_CGG	2-1_CGT	2-1_CTA	2-1_CTC	2-1_CTG	2-1_CTT	2-1_GAA	2-1_GAC	2-1_GAG	2-1_GAT	2-1_GCA	2-1_GCC	2-1_GCG	2-1_GCT	2-1_GGA	2-1_GGC	2-1_GGG	2-1_GGT	2-1_GTA	2-1_GTC	2-1_GTG	2-1_GTT	2-1_TAA	2-1_TAC	2-1_TAG	2-1_TAT	2-1_TCA	2-1_TCC	2-1_TCG	2-1_TCT	2-1_TGA	2-1_TGC	2-1_TGG	2-1_TGT	2-1_TTA	2-1_TTC	2-1_TTG	2-1_TTT		
DLF001	0.000	1.000	0.122	0.768	0.212	0.108	0.194	0.000	0.139	0.437	0.609	1.000	0.544	0.120	0.261	0.032	0.591	0.228	0.134	0.548	0.681	0.241	0.477	0.390	0.508	0.591	0.494	0.289	0.571	0.604	0.472	0.233	0.453	0.496	0.457	0.443	0.529	0.222	0.568	0.488	0.496	0.260	0.868	0.269	0.281	0.363	1.000	0.310	0.000	0.343	0.774	0.774	0.790	0.171	0.203	0.536	0.576	0.577	0.287	0.385	0.681	0.569	0.260	0.307	0.458	0.367	0.436	0.550	0.388	0.493	0.064	0.803	0.465	0.746	0.248	0.400	0.458	0.620	0.544	0.281	0.095	0.674	0.440	0.681
DLF002	0.069	1.000	0.000	0.770	0.180	0.119	0.190	0.000	0.110	0.279	0.501	1.000	0.366	0.141	0.196	0.025	0.605	0.182	0.096	0.423	0.711	0.283	0.516	0.428	0.616	0.610	0.449	0.321	0.588	0.662	0.518	0.256	0.498	0.502	0.521	0.467	0.529	0.284	0.634	0.518	0.528	0.302	0.832	0.352	0.321	0.432	1.000	0.328	0.000	0.401	0.869	0.776	0.788	0.240	0.288	0.561	0.641	0.599	0.286	0.431	0.663	0.649	0.302	0.358	0.450	0.419	0.533	0.571	0.442	0.500	0.077	0.868	0.549	0.717	0.258	0.454	0.488	0.676	0.513	0.349	0.150	0.669	0.490	0.711
DLF004	0.000	1.000	0.215	0.704	0.188	0.093	0.214	0.000	0.167	0.317	0.593	1.000	0.445	0.130	0.279	0.020	0.563	0.269	0.146	0.452	0.673	0.252	0.523	0.413	0.557	0.603	0.435	0.328	0.607	0.607	0.495	0.230	0.476	0.480	0.504	0.449	0.493	0.226	0.647	0.518	0.529	0.249	0.809	0.340	0.265	0.453	1.000	0.304	0.000	0.369	0.836	0.757	0.796	0.200	0.265	0.525	0.617	0.571	0.292	0.401	0.693	0.614	0.249	0.324	0.459	0.404	0.468	0.553	0.419	0.478	0.086	0.827	0.488	0.743	0.188	0.477	0.457	0.672	0.539	0.297	0.138	0.694	0.442	0.673
DLF006	0.471	0.737	0.000	1.000	0.248	0.139	0.245	0.000	0.154	0.344	0.246	1.000	0.348	0.031	0.234	0.035	0.663	0.049	0.105	0.473	0.886	0.327	0.531	0.490	0.652	0.678	0.656	0.323	0.687	0.778	0.585	0.263	0.539	0.629	0.565	0.554	0.637	0.287	0.713	0.619	0.587	0.313	0.982	0.421	0.445	0.607	0.917	0.370	0.000	0.488	0.954	0.884	0.868	0.311	0.324	0.695	0.654	0.639	0.526	0.463	0.744	0.785	0.313	0.429	0.494	0.547	0.525	0.703	0.557	0.560	0.082	1.000	0.592	0.727	0.475	0.494	0.584	0.773	0.563	0.389	0.176	0.716	0.516	0.886
DLF009	0.874	0.849	0.000	1.000	0.294	0.202	0.230	0.000	0.140	0.400	0.115	1.000	0.457	0.055	0.288	0.053	0.874	0.020	0.089	0.499	0.882	0.332	0.440	0.543	0.563	0.619	0.731	0.280	0.661	0.719	0.553	0.261	0.490	0.606	0.524	0.574	0.572	0.314	0.642	0.667	0.595	0.294	0.914	0.389	0.480	0.612	0.724	0.377	0.000	0.491	0.874	0.827	0.863	0.310	0.298	0.727	0.542	0.637	0.618	0.395	0.668	0.807	0.294	0.423	0.451	0.530	0.508	0.707	0.612	0.528	0.058	1.000	0.555	0.617	0.584	0.437	0.583	0.677	0.574	0.359	0.205	0.694	0.413	0.882
DLF012	0.000	1.000	0.198	0.693	0.186	0.115	0.221	0.000	0.147	0.195	0.353	1.000	0.310	0.033	0.202	0.018	0.433	0.119	0.100	0.305	0.739	0.264	0.456	0.454	0.643	0.594	0.445	0.312	0.586	0.709	0.520	0.228	0.429	0.538	0.521	0.511	0.477	0.271	0.738	0.501	0.560	0.273	0.769	0.393	0.311	0.656	0.857	0.292	0.000	0.377	1.000	0.703	0.750	0.231	0.281	0.598	0.608	0.525	0.429	0.410	0.652	0.692	0.273	0.358	0.440	0.416	0.543	0.574	0.531	0.478	0.081	0.782	0.559	0.673	0.271	0.467	0.481	0.715	0.499	0.344	0.204	0.614	0.441	0.739
DLF013	0.304	0.735	0.000	1.000	0.225	0.118	0.190	0.000	0.112	0.373	0.298	1.000	0.386	0.068	0.223	0.021	0.655	0.056	0.082	0.512	0.865	0.325	0.540	0.511	0.679	0.670	0.602	0.343	0.713	0.724	0.560	0.298	0.524	0.612	0.574	0.572	0.626	0.329	0.694	0.612	0.599	0.316	0.990	0.393	0.445	0.543	0.970	0.368	0.000	0.472	0.952	0.890	0.907	0.316	0.310	0.675	0.689	0.669	0.471	0.448	0.745	0.772	0.316	0.436	0.498	0.533	0.570	0.670	0.525	0.602	0.090	1.000	0.584	0.734	0.449	0.515	0.562	0.757	0.567	0.415	0.148	0.758	0.525	0.865
DLM001	0.443	0.779	0.000	1.000	0.232	0.141	0.209	0.000	0.151	0.453	0.232	1.000	0.413	0.057	0.275	0.038	0.716	0.034	0.118	0.513	0.841	0.321	0.514	0.490	0.612	0.637	0.658	0.311	0.651	0.738	0.550	0.278	0.522	0.583	0.541	0.552	0.645	0.283	0.639	0.609	0.551	0.277	1.000	0.388	0.454	0.542	0.876	0.360	0.000	0.454	0.880	0.889	0.881	0.308	0.286	0.661	0.637	0.645	0.498	0.420	0.687	0.804	0.277	0.424	0.490	0.520	0.496	0.680	0.515	0.573	0.072	0.983	0.570	0.661	0.521	0.454	0.562	0.758	0.520	0.377	0.143	0.715	0.512	0.841
DLM003	0.000	1.000	0.136	0.947	0.222	0.139	0.237	0.000	0.178	0.405	0.539	1.000	0.485	0.116	0.247	0.044	0.587	0.161	0.118	0.545	0.717	0.261	0.493	0.405	0.541	0.630	0.521	0.285	0.602	0.624	0.530	0.222	0.471	0.520	0.465	0.478	0.577	0.211	0.598	0.503	0.483	0.276	0.900	0.325	0.357	0.365	1.000	0.310	0.000	0.407	0.780	0.799	0.807	0.191	0.257	0.541	0.592	0.606	0.309	0.409	0.695	0.598	0.276	0.336	0.488	0.402	0.410	0.590	0.422	0.523	0.070	0.819	0.454	0.748	0.332	0.424	0.472	0.653	0.546	0.318	0.113	0.688	0.458	0.717
DLM004	0.000	1.000	0.055	0.942	0.171	0.108	0.180	0.000	0.147	0.431	0.517	1.000	0.475	0.116	0.253	0.042	0.555	0.163	0.099	0.506	0.693	0.293	0.523	0.400	0.551	0.604	0.523	0.303	0.610	0.605	0.509	0.254	0.465	0.518	0.495	0.477	0.583	0.236	0.578	0.513	0.488	0.257	0.920	0.327	0.327	0.376	1.000	0.336	0.000	0.381	0.773	0.834	0.829	0.224	0.239	0.536	0.618	0.594	0.320	0.400	0.706	0.602	0.257	0.353	0.462	0.418	0.431	0.606	0.431	0.532	0.078	0.821	0.485	0.738	0.301	0.437	0.486	0.657	0.515	0.333	0.114	0.707	0.480	0.693
DLM005	0.230	0.861	0.000	1.000	0.215	0.110	0.214	0.000	0.168	0.379	0.228	1.000	0.370	0.050	0.273	0.044	0.601	0.028	0.130	0.459	0.854	0.326	0.514	0.490	0.641	0.662	0.614	0.337	0.664	0.779	0.539	0.278	0.524	0.582	0.568	0.560	0.618	0.266	0.731	0.594	0.619	0.260	0.967	0.400	0.449	0.608	0.885	0.347	0.000	0.418	1.000	0.859	0.890	0.325	0.276	0.654	0.664	0.634	0.493	0.438	0.687	0.838	0.260	0.440	0.464	0.545	0.514	0.696	0.539	0.542	0.089	0.979	0.595	0.663	0.486	0.489	0.552	0.794	0.553	0.367	0.156	0.720	0.518	0.854
DLM006	0.000	1.000	0.081	0.817	0.145	0.112	0.204	0.000	0.101	0.230	0.271	1.000	0.251	0.128	0.248	0.008	0.555	0.096	0.113	0.311	0.763	0.333	0.646	0.476	0.739	0.638	0.507	0.373	0.674	0.776	0.571	0.284	0.589	0.537	0.623	0.513	0.577	0.338	0.750	0.579	0.647	0.271	0.858	0.477	0.404	0.575	0.973	0.401	0.000	0.459	1.000	0.873	0.857	0.323	0.374	0.598	0.753	0.630	0.338	0.494	0.715	0.822	0.271	0.436	0.508	0.504	0.626	0.616	0.519	0.562	0.097	0.965	0.616	0.716	0.329	0.573	0.512	0.833	0.541	0.425	0.216	0.738	0.581	0.763
DLM008	0.037	1.000	0.000	0.822	0.205	0.147	0.234	0.000	0.119	0.295	0.404	1.000	0.294	0.099	0.222	0.012	0.573	0.132	0.127	0.380	0.792	0.289	0.540	0.471	0.711	0.619	0.504	0.320	0.642	0.744	0.556	0.249	0.517	0.552	0.567	0.517	0.559	0.306	0.711	0.556	0.531	0.295	0.924	0.423	0.338	0.562	1.000	0.345	0.000	0.426	0.974	0.812	0.811	0.291	0.321	0.625	0.713	0.575	0.380	0.451	0.714	0.730	0.295	0.394	0.495	0.478	0.576	0.592	0.500	0.552	0.081	0.918	0.587	0.731	0.306	0.513	0.506	0.803	0.468	0.408	0.182	0.672	0.522	0.792
DLM010	0.000	1.000	0.190	0.631	0.216	0.100	0.235	0.000	0.169	0.317	0.523	1.000	0.427	0.056	0.247	0.032	0.507	0.168	0.142	0.387	0.769	0.260	0.527	0.447	0.614	0.652	0.462	0.347	0.625	0.736	0.503	0.239	0.507	0.515	0.517	0.518	0.530	0.257	0.741	0.521	0.574	0.268	0.882	0.359	0.277	0.628	1.000	0.285	0.000	0.354	0.960	0.806	0.858	0.225	0.266	0.588	0.610	0.605	0.407	0.431	0.664	0.757	0.268	0.366	0.473	0.425	0.529	0.613	0.508	0.485	0.088	0.873	0.559	0.721	0.248	0.515	0.493	0.743	0.558	0.324	0.174	0.684	0.454	0.769
DLM013	0.370	0.636	0.000	1.000	0.280	0.123	0.235	0.000	0.168	0.315	0.278	1.000	0.360	0.045	0.273	0.028	0.664	0.062	0.113	0.466	0.898	0.301	0.526	0.502	0.655	0.661	0.622	0.330	0.663	0.775	0.575	0.262	0.539	0.562	0.582	0.573	0.615	0.281	0.718	0.628	0.609	0.301	0.927	0.426	0.380	0.667	0.884	0.361	0.000	0.436	0.964	0.879	0.897	0.330	0.316	0.667	0.630	0.660	0.530	0.440	0.680	0.854	0.301	0.420	0.504	0.536	0.530	0.679	0.561	0.565	0.085	1.000	0.620	0.696	0.421	0.517	0.562	0.768	0.565	0.379	0.175	0.689	0.499	0.898
DLM014	0.317	0.993	0.000	1.000	0.195	0.119	0.197	0.000	0.130	0.431	0.415	1.000	0.399	0.100	0.274	0.017	0.748	0.101	0.093	0.495	0.770	0.300	0.557	0.476	0.637	0.631	0.572	0.327	0.675	0.669	0.551	0.275	0.562	0.524	0.548	0.509	0.597	0.285	0.629	0.603	0.544	0.284	0.980	0.370	0.389	0.484	1.000	0.345	0.000	0.456	0.853	0.877	0.877	0.292	0.297	0.589	0.652	0.666	0.413	0.413	0.731	0.737	0.284	0.381	0.488	0.511	0.513	0.622	0.463	0.537	0.068	0.989	0.537	0.743	0.386	0.487	0.527	0.722	0.544	0.386	0.144	0.756	0.508	0.770
DLM015	0.000	1.000	0.172	0.571	0.157	0.105	0.201	0.000	0.146	0.335	0.535	1.000	0.384	0.126	0.244	0.016	0.520	0.200	0.114	0.372	0.664	0.268	0.513	0.417	0.585	0.588	0.438	0.316	0.598	0.627	0.485	0.238	0.468	0.508	0.490	0.454	0.492	0.248	0.665	0.492	0.505	0.253	0.849	0.339	0.296	0.426	1.000	0.309	0.000	0.364	0.872	0.745	0.763	0.217	0.255	0.547	0.635	0.536	0.287	0.415	0.694	0.589	0.253	0.342	0.462	0.405	0.478	0.545	0.438	0.494	0.075	0.801	0.488	0.726	0.231	0.463	0.454	0.684	0.497	0.332	0.164	0.672	0.452	0.664
DLM016	0.024	1.000	0.000	0.959	0.174	0.108	0.193	0.000	0.137	0.332	0.382	1.000	0.406	0.082	0.231	0.020	0.573	0.128	0.090	0.443	0.771	0.312	0.554	0.470	0.642	0.644	0.546	0.336	0.666	0.691	0.548	0.273	0.507	0.571	0.553	0.525	0.579	0.283	0.695	0.571	0.569	0.292	0.928	0.385	0.373	0.494	1.000	0.361	0.000	0.420	0.927	0.853	0.874	0.270	0.284	0.618	0.671	0.624	0.389	0.450	0.748	0.692	0.292	0.396	0.504	0.477	0.518	0.633	0.492	0.576	0.087	0.914	0.553	0.762	0.338	0.499	0.526	0.724	0.554	0.382	0.157	0.749	0.504	0.771
DLM017	0.090	0.938	0.000	1.000	0.210	0.138	0.250	0.000	0.151	0.266	0.377	1.000	0.345	0.085	0.223	0.019	0.610	0.107	0.115	0.426	0.821	0.303	0.563	0.495	0.708	0.673	0.516	0.342	0.673	0.763	0.581	0.250	0.546	0.544	0.596	0.544	0.573	0.293	0.740	0.606	0.580	0.316	0.911	0.439	0.389	0.582	1.000	0.339	0.000	0.458	0.981	0.846	0.887	0.291	0.345	0.617	0.699	0.636	0.401	0.476	0.717	0.778	0.316	0.411	0.503	0.505	0.568	0.643	0.520	0.552	0.095	0.976	0.596	0.738	0.349	0.538	0.533	0.794	0.537	0.401	0.178	0.738	0.514	0.821
DLM018	0.117	1.000	0.000	0.974	0.182	0.152	0.262	0.000	0.131	0.272	0.206	1.000	0.213	0.057	0.329	0.018	0.634	0.032	0.083	0.295	0.802	0.308	0.602	0.524	0.758	0.623	0.569	0.330	0.684	0.794	0.582	0.250	0.560	0.543	0.626	0.547	0.579	0.314	0.732	0.633	0.627	0.269	0.890	0.489	0.448	0.642	0.870	0.371	0.000	0.464	0.988	0.870	0.829	0.393	0.357	0.633	0.668	0.677	0.452	0.474	0.654	0.927	0.269	0.430	0.465	0.608	0.594	0.616	0.580	0.519	0.090	1.000	0.644	0.624	0.437	0.555	0.560	0.780	0.516	0.441	0.239	0.699	0.549	0.802
DLM020	0.000	1.000	0.081	0.683	0.154	0.088	0.156	0.000	0.133	0.405	0.495	1.000	0.465	0.117	0.240	0.027	0.584	0.168	0.107	0.452	0.695	0.292	0.506	0.428	0.565	0.603	0.496	0.324	0.605	0.627	0.487	0.273	0.481	0.528	0.494	0.469	0.534	0.254	0.640	0.515	0.526	0.260	0.903	0.314	0.320	0.408	1.000	0.328	0.000	0.357	0.870	0.790	0.819	0.224	0.224	0.577	0.637	0.582	0.321	0.404	0.707	0.615	0.260	0.357	0.468	0.412	0.473	0.587	0.428	0.525	0.070	0.854	0.507	0.740	0.285	0.439	0.482	0.673	0.528	0.328	0.132	0.709	0.471	0.695
DLM021	0.112	1.000	0.000	0.946	0.185	0.100	0.157	0.000	0.115	0.341	0.365	1.000	0.408	0.108	0.196	0.029	0.579	0.088	0.111	0.439	0.806	0.322	0.533	0.477	0.654	0.652	0.538	0.349	0.650	0.709	0.540	0.302	0.516	0.562	0.557	0.546	0.591	0.312	0.699	0.562	0.565	0.308	0.955	0.377	0.385	0.505	1.000	0.354	0.000	0.396	0.966	0.859	0.896	0.291	0.271	0.632	0.707	0.639	0.388	0.432	0.696	0.746	0.308	0.420	0.489	0.471	0.557	0.649	0.506	0.579	0.084	0.938	0.583	0.723	0.378	0.494	0.521	0.774	0.527	0.388	0.153	0.727	0.515	0.806
DLM022	0.380	1.000	0.000	0.833	0.296	0.143	0.282	0.000	0.171	0.413	0.493	1.000	0.412	0.047	0.277	0.049	0.666	0.103	0.136	0.451	0.846	0.262	0.463	0.470	0.641	0.624	0.578	0.296	0.620	0.759	0.567	0.220	0.533	0.508	0.494	0.563	0.591	0.246	0.693	0.556	0.479	0.316	1.000	0.368	0.320	0.669	0.966	0.274	0.000	0.418	0.917	0.832	0.865	0.257	0.285	0.597	0.583	0.617	0.540	0.391	0.688	0.784	0.316	0.329	0.454	0.477	0.488	0.672	0.556	0.453	0.056	0.932	0.528	0.751	0.386	0.462	0.503	0.780	0.507	0.367	0.183	0.650	0.437	0.846
DLM023	0.117	0.930	0.000	1.000	0.226	0.099	0.203	0.000	0.148	0.314	0.322	1.000	0.336	0.055	0.252	0.016	0.559	0.094	0.098	0.454	0.839	0.306	0.532	0.464	0.686	0.614	0.542	0.351	0.680	0.723	0.537	0.271	0.510	0.596	0.563	0.525	0.553	0.298	0.758	0.567	0.568	0.283	0.931	0.420	0.372	0.591	0.946	0.347	0.000	0.422	1.000	0.815	0.851	0.299	0.304	0.648	0.679	0.598	0.446	0.451	0.740	0.753	0.283	0.396	0.481	0.510	0.552	0.635	0.510	0.561	0.100	0.941	0.579	0.721	0.349	0.530	0.535	0.769	0.508	0.401	0.161	0.714	0.485	0.839
DLM027	0.000	0.764	0.064	1.000	0.168	0.084	0.249	0.008	0.140	0.275	0.194	1.000	0.326	0.033	0.291	0.000	0.529	0.031	0.094	0.321	0.823	0.320	0.675	0.553	0.705	0.707	0.623	0.384	0.760	0.807	0.596	0.267	0.511	0.697	0.640	0.573	0.619	0.314	0.775	0.677	0.696	0.282	0.928	0.497	0.498	0.636	0.931	0.390	0.000	0.487	1.000	0.955	0.895	0.325	0.348	0.758	0.686	0.709	0.477	0.527	0.760	0.899	0.282	0.457	0.517	0.603	0.608	0.675	0.627	0.582	0.123	0.998	0.668	0.695	0.443	0.587	0.648	0.779	0.613	0.388	0.235	0.804	0.563	0.823
DLM028	0.240	0.927	0.000	1.000	0.219	0.103	0.206	0.000	0.140	0.284	0.253	1.000	0.356	0.031	0.216	0.013	0.623	0.069	0.103	0.388	0.832	0.303	0.491	0.513	0.655	0.623	0.566	0.328	0.657	0.732	0.524	0.265	0.484	0.592	0.557	0.536	0.515	0.310	0.735	0.599	0.592	0.292	0.876	0.409	0.366	0.667	0.824	0.341	0.000	0.411	1.000	0.780	0.830	0.303	0.291	0.697	0.650	0.548	0.533	0.431	0.713	0.731	0.292	0.421	0.471	0.502	0.565	0.623	0.548	0.544	0.082	0.949	0.592	0.685	0.379	0.505	0.535	0.753	0.512	0.378	0.196	0.685	0.454	0.832
DOF002	0.094	1.000	0.000	0.542	0.293	0.117	0.268	0.000	0.166	0.371	0.605	1.000	0.429	0.078	0.288	0.023	0.651	0.188	0.172	0.439	0.759	0.214	0.489	0.437	0.551	0.635	0.509	0.308	0.576	0.695	0.541	0.212	0.507	0.477	0.476	0.497	0.549	0.225	0.624	0.535	0.498	0.289	0.892	0.331	0.279	0.547	1.000	0.272	0.000	0.395	0.818	0.806	0.799	0.212	0.275	0.563	0.557	0.636	0.394	0.388	0.654	0.724	0.289	0.305	0.462	0.431	0.472	0.580	0.487	0.437	0.057	0.869	0.507	0.750	0.282	0.437	0.481	0.705	0.556	0.288	0.165	0.628	0.430	0.759
DOF004	0.121	1.000	0.000	0.643	0.202	0.104	0.197	0.000	0.139	0.346	0.388	1.000	0.378	0.072	0.221	0.030	0.584	0.091	0.123	0.357	0.816	0.304	0.523	0.492	0.644	0.665	0.555	0.345	0.664	0.735	0.543	0.277	0.529	0.565	0.538	0.554	0.570	0.296	0.739	0.568	0.572	0.307	0.966	0.373	0.360	0.585	1.000	0.333	0.000	0.403	0.991	0.847	0.870	0.284	0.281	0.650	0.663	0.650	0.446	0.426	0.692	0.784	0.307	0.400	0.485	0.484	0.548	0.656	0.564	0.523	0.070	0.934	0.572	0.734	0.370	0.512	0.521	0.781	0.558	0.372	0.209	0.697	0.479	0.816
DOF006	0.000	0.983	0.009	1.000	0.232	0.083	0.205	0.000	0.164	0.261	0.469	1.000	0.442	0.060	0.272	0.022	0.570	0.245	0.100	0.494	0.787	0.275	0.515	0.451	0.608	0.622	0.522	0.350	0.665	0.644	0.548	0.255	0.489	0.575	0.527	0.503	0.526	0.263	0.717	0.563	0.573	0.322	0.846	0.366	0.307	0.535	1.000	0.340	0.000	0.430	0.921	0.794	0.843	0.215	0.295	0.618	0.608	0.631	0.410	0.432	0.770	0.649	0.322	0.325	0.494	0.442	0.509	0.617	0.482	0.531	0.090	0.891	0.524	0.815	0.246	0.500	0.519	0.661	0.607	0.341	0.152	0.728	0.440	0.787
DOF007	0.000	1.000	0.123	0.604	0.159	0.089	0.151	0.000	0.145	0.393	0.484	1.000	0.496	0.090	0.221	0.038	0.547	0.177	0.120	0.442	0.705	0.295	0.493	0.415	0.528	0.633	0.512	0.321	0.592	0.634	0.492	0.272	0.470	0.548	0.488	0.462	0.531	0.237	0.651	0.513	0.547	0.260	0.889	0.300	0.312	0.413	1.000	0.335	0.000	0.350	0.881	0.785	0.812	0.196	0.212	0.594	0.609	0.590	0.332	0.409	0.701	0.600	0.260	0.364	0.483	0.384	0.451	0.601	0.437	0.531	0.065	0.828	0.514	0.751	0.280	0.422	0.495	0.647	0.572	0.299	0.136	0.699	0.457	0.705
DOF009	0.097	1.000	0.000	0.995	0.177	0.107	0.163	0.000	0.140	0.360	0.317	1.000	0.442	0.091	0.244	0.016	0.643	0.099	0.080	0.503	0.817	0.326	0.544	0.514	0.655	0.655	0.608	0.340	0.674	0.717	0.570	0.301	0.529	0.579	0.582	0.553	0.591	0.293	0.715	0.622	0.605	0.293	0.973	0.387	0.417	0.480	0.998	0.392	0.000	0.407	0.990	0.880	0.938	0.318	0.251	0.650	0.688	0.683	0.408	0.454	0.765	0.752	0.293	0.415	0.514	0.532	0.530	0.653	0.481	0.612	0.083	1.000	0.592	0.770	0.405	0.478	0.563	0.729	0.579	0.393	0.132	0.803	0.513	0.817
DOF010	0.000	1.000	0.143	0.728	0.170	0.083	0.154	0.000	0.159	0.246	0.366	1.000	0.412	0.081	0.180	0.027	0.433	0.171	0.133	0.384	0.737	0.282	0.468	0.429	0.569	0.631	0.472	0.326	0.586	0.668	0.497	0.262	0.449	0.517	0.521	0.496	0.512	0.239	0.719	0.494	0.611	0.262	0.774	0.335	0.269	0.558	0.918	0.341	0.000	0.297	1.000	0.747	0.818	0.237	0.203	0.585	0.632	0.575	0.360	0.391	0.639	0.682	0.262	0.377	0.452	0.406	0.496	0.598	0.468	0.515	0.085	0.813	0.568	0.701	0.225	0.463	0.474	0.698	0.569	0.295	0.141	0.655	0.470	0.737
DOF011	0.000	1.000	0.243	0.899	0.217	0.150	0.261	0.000	0.134	0.267	0.457	1.000	0.414	0.149	0.222	0.025	0.545	0.160	0.177	0.453	0.756	0.255	0.542	0.442	0.616	0.704	0.436	0.319	0.619	0.730	0.535	0.220	0.501	0.491	0.573	0.492	0.541	0.261	0.668	0.555	0.625	0.259	0.796	0.374	0.327	0.522	1.000	0.313	0.000	0.384	0.918	0.810	0.846	0.220	0.292	0.570	0.672	0.625	0.285	0.439	0.634	0.747	0.259	0.402	0.476	0.413	0.559	0.587	0.456	0.507	0.096	0.890	0.569	0.705	0.251	0.507	0.472	0.757	0.589	0.305	0.136	0.689	0.507	0.756
DOF012	0.000	1.000	0.199	0.654	0.178	0.083	0.221	0.000	0.144	0.396	0.358	1.000	0.452	0.024	0.270	0.023	0.432	0.087	0.154	0.360	0.822	0.296	0.544	0.480	0.589	0.724	0.592	0.349	0.698	0.770	0.526	0.255	0.459	0.661	0.552	0.558	0.610	0.254	0.742	0.574	0.685	0.235	0.953	0.350	0.356	0.632	1.000	0.339	0.000	0.387	0.996	0.886	0.870	0.226	0.243	0.719	0.633	0.661	0.473	0.444	0.738	0.801	0.235	0.414	0.477	0.471	0.536	0.698	0.594	0.521	0.101	0.877	0.590	0.757	0.340	0.516	0.559	0.754	0.670	0.296	0.186	0.715	0.508	0.822
DOF013	0.000	1.000	0.138	0.527	0.166	0.112	0.208	0.000	0.143	0.412	0.513	1.000	0.449	0.114	0.238	0.019	0.560	0.151	0.130	0.403	0.676	0.257	0.510	0.423	0.559	0.604	0.491	0.297	0.587	0.656	0.484	0.236	0.476	0.502	0.482	0.464	0.531	0.230	0.620	0.507	0.503	0.253	0.905	0.306	0.317	0.409	1.000	0.307	0.000	0.339	0.840	0.794	0.794	0.218	0.212	0.556	0.619	0.567	0.303	0.403	0.677	0.624	0.253	0.341	0.467	0.414	0.455	0.557	0.432	0.493	0.061	0.825	0.488	0.722	0.291	0.429	0.461	0.691	0.514	0.314	0.144	0.679	0.464	0.676
DOM001	0.456	0.923	0.000	1.000	0.223	0.124	0.221	0.000	0.160	0.386	0.305	1.000	0.424	0.050	0.221	0.038	0.712	0.051	0.110	0.480	0.837	0.316	0.526	0.495	0.628	0.665	0.617	0.327	0.667	0.738	0.568	0.267	0.551	0.589	0.522	0.550	0.619	0.278	0.699	0.597	0.532	0.320	0.993	0.394	0.444	0.545	0.939	0.336	0.000	0.454	0.919	0.876	0.893	0.286	0.295	0.662	0.641	0.648	0.484	0.442	0.714	0.764	0.320	0.409	0.498	0.515	0.500	0.686	0.523	0.547	0.072	1.000	0.557	0.711	0.478	0.477	0.562	0.760	0.535	0.381	0.164	0.740	0.488	0.837
DOM003	0.000	0.876	0.367	1.000	0.154	0.087	0.241	0.010	0.102	0.324	0.170	1.000	0.340	0.012	0.284	0.004	0.412	0.000	0.115	0.315	0.766	0.292	0.502	0.468	0.627	0.647	0.508	0.314	0.678	0.724	0.473	0.229	0.401	0.632	0.578	0.497	0.493	0.296	0.720	0.561	0.702	0.181	0.768	0.406	0.410	0.691	0.730	0.316	0.000	0.392	1.000	0.750	0.757	0.241	0.278	0.700	0.646	0.532	0.481	0.411	0.630	0.791	0.181	0.459	0.427	0.448	0.596	0.604	0.554	0.508	0.110	0.822	0.586	0.560	0.379	0.530	0.508	0.749	0.547	0.319	0.194	0.653	0.480	0.766
DOM008	0.026	1.000	0.000	0.890	0.183	0.103	0.168	0.000	0.146	0.326	0.433	1.000	0.476	0.089	0.227	0.027	0.584	0.188	0.106	0.478	0.753	0.293	0.517	0.451	0.581	0.641	0.552	0.321	0.634	0.643	0.548	0.270	0.487	0.553	0.533	0.500	0.567	0.249	0.653	0.565	0.568	0.297	0.889	0.340	0.320	0.477	1.000	0.359	0.000	0.379	0.897	0.837	0.862	0.237	0.233	0.611	0.631	0.636	0.387	0.406	0.733	0.652	0.297	0.361	0.498	0.441	0.480	0.619	0.458	0.556	0.072	0.889	0.543	0.786	0.289	0.453	0.519	0.670	0.590	0.331	0.132	0.731	0.484	0.753
DOM010	0.073	1.000	0.000	0.883	0.266	0.110	0.214	0.000	0.156	0.414	0.461	1.000	0.429	0.090	0.273	0.024	0.572	0.136	0.117	0.510	0.799	0.263	0.499	0.435	0.591	0.617	0.555	0.317	0.640	0.664	0.534	0.248	0.495	0.535	0.504	0.520	0.556	0.257	0.680	0.539	0.510	0.278	0.952	0.353	0.343	0.473	1.000	0.328	0.000	0.405	0.880	0.819	0.849	0.250	0.270	0.576	0.620	0.634	0.386	0.409	0.714	0.700	0.278	0.348	0.489	0.462	0.474	0.608	0.486	0.533	0.077	0.868	0.493	0.754	0.342	0.476	0.489	0.719	0.539	0.352	0.144	0.694	0.435	0.799
DOM012	0.043	0.473	0.000	1.000	0.214	0.100	0.270	0.000	0.186	0.256	0.258	1.000	0.286	0.040	0.280	0.045	0.564	0.050	0.164	0.394	0.840	0.311	0.552	0.489	0.681	0.651	0.559	0.356	0.672	0.798	0.558	0.243	0.510	0.592	0.593	0.549	0.607	0.260	0.755	0.594	0.614	0.277	0.873	0.473	0.411	0.707	0.850	0.333	0.000	0.450	1.000	0.836	0.834	0.316	0.343	0.666	0.683	0.595	0.488	0.461	0.676	0.859	0.277	0.423	0.436	0.556	0.552	0.688	0.572	0.493	0.118	0.969	0.642	0.638	0.397	0.543	0.570	0.831	0.510	0.357	0.186	0.681	0.543	0.840
DOM014	0.612	1.000	0.000	0.843	0.295	0.127	0.231	0.000	0.162	0.570	0.420	1.000	0.392	0.062	0.259	0.031	0.832	0.035	0.126	0.514	0.783	0.249	0.449	0.453	0.559	0.593	0.575	0.292	0.602	0.669	0.509	0.239	0.537	0.483	0.440	0.515	0.586	0.240	0.595	0.538	0.415	0.300	1.000	0.326	0.385	0.529	0.889	0.258	0.000	0.446	0.780	0.802	0.802	0.268	0.282	0.557	0.539	0.614	0.497	0.358	0.614	0.743	0.300	0.339	0.442	0.492	0.433	0.609	0.479	0.447	0.042	0.929	0.491	0.627	0.472	0.416	0.517	0.704	0.451	0.344	0.152	0.641	0.425	0.783
DOM015	0.040	1.000	0.000	0.774	0.240	0.104	0.197	0.000	0.142	0.331	0.447	1.000	0.343	0.087	0.220	0.015	0.550	0.145	0.139	0.413	0.814	0.272	0.501	0.462	0.644	0.627	0.512	0.335	0.628	0.721	0.524	0.264	0.504	0.522	0.547	0.531	0.543	0.282	0.720	0.547	0.541	0.291	0.929	0.372	0.301	0.566	1.000	0.330	0.000	0.377	0.978	0.803	0.838	0.295	0.276	0.601	0.680	0.592	0.397	0.420	0.689	0.734	0.291	0.381	0.476	0.480	0.538	0.600	0.510	0.529	0.079	0.899	0.569	0.736	0.292	0.500	0.492	0.786	0.504	0.363	0.169	0.661	0.473	0.814
DOM016	0.000	1.000	0.027	0.704	0.219	0.105	0.223	0.000	0.147	0.338	0.422	1.000	0.340	0.075	0.242	0.016	0.518	0.131	0.124	0.396	0.791	0.287	0.528	0.440	0.632	0.647	0.512	0.337	0.660	0.706	0.527	0.252	0.501	0.577	0.539	0.501	0.537	0.279	0.733	0.544	0.568	0.266	0.917	0.383	0.342	0.546	1.000	0.332	0.000	0.424	0.956	0.800	0.806	0.250	0.306	0.623	0.666	0.589	0.390	0.440	0.722	0.703	0.266	0.391	0.492	0.455	0.529	0.610	0.513	0.532	0.086	0.869	0.537	0.742	0.306	0.516	0.498	0.760	0.545	0.359	0.185	0.679	0.470	0.791
DOM017	0.000	1.000	0.238	0.602	0.169	0.099	0.186	0.000	0.131	0.335	0.655	1.000	0.397	0.185	0.251	0.018	0.520	0.246	0.128	0.420	0.622	0.241	0.498	0.384	0.544	0.564	0.381	0.317	0.557	0.580	0.461	0.235	0.447	0.468	0.462	0.425	0.473	0.243	0.612	0.452	0.473	0.240	0.799	0.320	0.274	0.365	1.000	0.286	0.000	0.361	0.800	0.706	0.725	0.187	0.259	0.492	0.617	0.510	0.221	0.397	0.660	0.539	0.240	0.319	0.439	0.367	0.469	0.500	0.391	0.469	0.079	0.753	0.468	0.699	0.187	0.435	0.434	0.648	0.471	0.302	0.136	0.645	0.441	0.622
DOM018	0.169	0.900	0.000	1.000	0.211	0.110	0.201	0.000	0.119	0.255	0.312	1.000	0.296	0.068	0.201	0.018	0.582	0.094	0.097	0.389	0.843	0.319	0.576	0.481	0.715	0.656	0.520	0.365	0.694	0.741	0.555	0.282	0.530	0.585	0.604	0.539	0.547	0.343	0.760	0.597	0.590	0.316	0.907	0.449	0.387	0.599	0.959	0.360	0.000	0.443	1.000	0.848	0.870	0.329	0.344	0.648	0.713	0.614	0.431	0.481	0.720	0.768	0.316	0.439	0.481	0.526	0.610	0.634	0.554	0.568	0.101	0.969	0.609	0.714	0.351	0.568	0.542	0.791	0.519	0.422	0.200	0.723	0.495	0.843
DOM020	0.000	1.000	0.234	0.619	0.185	0.130	0.209	0.000	0.118	0.260	0.497	1.000	0.362	0.154	0.191	0.015	0.481	0.190	0.139	0.369	0.700	0.248	0.511	0.415	0.612	0.621	0.404	0.308	0.547	0.709	0.500	0.238	0.483	0.444	0.527	0.476	0.501	0.267	0.667	0.486	0.552	0.254	0.796	0.350	0.276	0.471	1.000	0.317	0.000	0.324	0.920	0.760	0.797	0.243	0.251	0.513	0.657	0.550	0.249	0.428	0.625	0.665	0.254	0.373	0.469	0.392	0.529	0.527	0.438	0.508	0.075	0.806	0.538	0.707	0.215	0.457	0.428	0.733	0.511	0.331	0.153	0.638	0.479	0.700
DOM021	0.000	1.000	0.074	0.812	0.203	0.113	0.176	0.000	0.150	0.437	0.450	1.000	0.479	0.128	0.229	0.026	0.580	0.111	0.126	0.524	0.744	0.275	0.495	0.431	0.572	0.631	0.526	0.307	0.585	0.679	0.513	0.267	0.487	0.510	0.507	0.499	0.573	0.237	0.633	0.526	0.520	0.257	0.949	0.320	0.379	0.391	1.000	0.321	0.000	0.356	0.876	0.822	0.857	0.246	0.213	0.558	0.649	0.605	0.314	0.412	0.686	0.662	0.257	0.375	0.486	0.439	0.455	0.594	0.427	0.549	0.068	0.865	0.510	0.725	0.376	0.412	0.483	0.715	0.526	0.332	0.106	0.713	0.482	0.744
DOM023	0.000	1.000	0.278	0.684	0.164	0.137	0.245	0.000	0.151	0.295	0.398	1.000	0.436	0.135	0.220	0.025	0.552	0.097	0.152	0.397	0.726	0.286	0.563	0.447	0.622	0.687	0.477	0.314	0.611	0.744	0.546	0.231	0.530	0.492	0.554	0.495	0.557	0.245	0.687	0.554	0.588	0.255	0.864	0.381	0.379	0.480	1.000	0.320	0.000	0.369	0.924	0.840	0.874	0.230	0.266	0.563	0.673	0.623	0.294	0.449	0.654	0.743	0.255	0.406	0.502	0.421	0.507	0.611	0.463	0.523	0.077	0.895	0.541	0.711	0.334	0.485	0.471	0.771	0.566	0.336	0.158	0.727	0.507	0.726
DOM025	0.405	1.000	0.000	0.943	0.209	0.127	0.201	0.000	0.156	0.415	0.297	1.000	0.428	0.049	0.233	0.038	0.689	0.050	0.105	0.445	0.825	0.317	0.523	0.494	0.617	0.663	0.620	0.321	0.649	0.739	0.558	0.278	0.543	0.569	0.529	0.555	0.623	0.275	0.680	0.598	0.544	0.297	1.000	0.382	0.416	0.573	0.923	0.339	0.000	0.426	0.915	0.889	0.898	0.299	0.273	0.652	0.620	0.649	0.511	0.424	0.689	0.785	0.297	0.422	0.505	0.508	0.491	0.678	0.529	0.560	0.063	0.978	0.575	0.694	0.472	0.465	0.562	0.744	0.536	0.379	0.169	0.726	0.492	0.825
DOM026	0.000	1.000	0.128	0.716	0.163	0.123	0.200	0.000	0.137	0.231	0.467	1.000	0.301	0.114	0.249	0.003	0.478	0.204	0.075	0.364	0.699	0.275	0.528	0.428	0.667	0.565	0.407	0.337	0.647	0.618	0.507	0.246	0.463	0.542	0.538	0.463	0.473	0.278	0.715	0.515	0.534	0.280	0.810	0.385	0.317	0.487	1.000	0.314	0.000	0.410	0.936	0.733	0.756	0.238	0.302	0.561	0.666	0.539	0.312	0.426	0.735	0.603	0.280	0.334	0.462	0.440	0.531	0.543	0.460	0.512	0.089	0.813	0.507	0.738	0.216	0.510	0.468	0.691	0.496	0.380	0.178	0.688	0.458	0.699
NLF001	0.004	1.000	0.000	0.787	0.236	0.116	0.189	0.000	0.112	0.356	0.466	1.000	0.361	0.128	0.219	0.011	0.536	0.142	0.130	0.460	0.768	0.254	0.484	0.436	0.623	0.613	0.470	0.315	0.607	0.679	0.498	0.258	0.470	0.520	0.532	0.492	0.519	0.285	0.664	0.522	0.538	0.266	0.897	0.338	0.323	0.472	1.000	0.315	0.000	0.371	0.930	0.770	0.795	0.262	0.253	0.580	0.679	0.567	0.324	0.406	0.682	0.666	0.266	0.371	0.459	0.446	0.543	0.552	0.455	0.524	0.080	0.852	0.535	0.719	0.288	0.461	0.467	0.742	0.501	0.347	0.137	0.655	0.471	0.768
NLF002	0.000	1.000	0.155	0.599	0.176	0.119	0.195	0.000	0.124	0.318	0.554	1.000	0.354	0.162	0.220	0.014	0.494	0.190	0.125	0.379	0.665	0.248	0.495	0.412	0.592	0.583	0.400	0.311	0.576	0.633	0.472	0.240	0.455	0.470	0.495	0.462	0.491	0.259	0.641	0.473	0.515	0.252	0.820	0.324	0.291	0.419	1.000	0.297	0.000	0.352	0.868	0.732	0.752	0.230	0.254	0.513	0.640	0.541	0.251	0.402	0.648	0.612	0.252	0.341	0.438	0.405	0.503	0.520	0.434	0.479	0.077	0.779	0.496	0.698	0.221	0.454	0.432	0.689	0.492	0.328	0.153	0.639	0.462	0.665
NLF005	0.000	1.000	0.091	0.623	0.150	0.139	0.219	0.000	0.134	0.265	0.386	1.000	0.225	0.108	0.241	0.005	0.533	0.146	0.110	0.291	0.737	0.307	0.586	0.469	0.727	0.613	0.450	0.351	0.654	0.735	0.545	0.260	0.541	0.534	0.584	0.495	0.512	0.315	0.764	0.553	0.561	0.260	0.880	0.458	0.351	0.568	0.998	0.346	0.000	0.448	1.000	0.787	0.791	0.312	0.359	0.583	0.724	0.544	0.351	0.482	0.739	0.704	0.260	0.413	0.488	0.502	0.585	0.572	0.508	0.533	0.089	0.903	0.578	0.726	0.274	0.547	0.500	0.795	0.473	0.423	0.225	0.701	0.515	0.737
NLF007	0.091	1.000	0.000	0.705	0.146	0.156	0.230	0.000	0.121	0.261	0.336	1.000	0.253	0.080	0.205	0.007	0.603	0.102	0.086	0.298	0.762	0.323	0.591	0.515	0.742	0.659	0.508	0.335	0.684	0.746	0.586	0.262	0.548	0.582	0.587	0.527	0.565	0.323	0.744	0.591	0.569	0.305	0.919	0.461	0.400	0.574	0.994	0.358	0.000	0.470	1.000	0.836	0.816	0.326	0.351	0.650	0.718	0.601	0.408	0.483	0.740	0.736	0.305	0.437	0.507	0.532	0.589	0.606	0.535	0.560	0.079	0.961	0.610	0.729	0.347	0.539	0.548	0.779	0.500	0.439	0.230	0.724	0.549	0.762
NLF008	0.287	0.991	0.000	1.000	0.203	0.126	0.198	0.000	0.145	0.486	0.320	1.000	0.473	0.065	0.275	0.044	0.639	0.067	0.119	0.501	0.799	0.310	0.509	0.467	0.589	0.639	0.622	0.310	0.645	0.719	0.518	0.274	0.514	0.558	0.515	0.541	0.629	0.268	0.641	0.562	0.567	0.254	1.000	0.339	0.390	0.523	0.935	0.346	0.000	0.397	0.888	0.880	0.894	0.275	0.238	0.624	0.626	0.637	0.463	0.407	0.701	0.761	0.254	0.402	0.471	0.481	0.489	0.669	0.493	0.543	0.071	0.943	0.545	0.706	0.438	0.452	0.528	0.734	0.554	0.350	0.128	0.724	0.504	0.799
NLF009	0.000	1.000	0.057	0.793	0.160	0.099	0.173	0.000	0.140	0.320	0.431	1.000	0.409	0.126	0.219	0.011	0.604	0.133	0.099	0.446	0.721	0.294	0.543	0.461	0.624	0.624	0.484	0.341	0.649	0.641	0.521	0.273	0.507	0.541	0.532	0.487	0.529	0.274	0.690	0.552	0.543	0.287	0.891	0.367	0.370	0.440	1.000	0.331	0.000	0.394	0.919	0.803	0.842	0.256	0.265	0.592	0.679	0.601	0.329	0.428	0.720	0.652	0.287	0.380	0.493	0.460	0.510	0.583	0.441	0.550	0.081	0.904	0.527	0.733	0.312	0.488	0.499	0.712	0.525	0.365	0.147	0.748	0.483	0.721
NLF010	0.000	1.000	0.219	0.589	0.168	0.115	0.189	0.000	0.123	0.357	0.645	1.000	0.447	0.188	0.234	0.023	0.513	0.247	0.145	0.425	0.623	0.235	0.469	0.384	0.541	0.565	0.393	0.287	0.542	0.594	0.450	0.225	0.440	0.429	0.467	0.431	0.476	0.230	0.586	0.452	0.496	0.236	0.797	0.279	0.248	0.371	1.000	0.289	0.000	0.308	0.811	0.715	0.749	0.190	0.206	0.474	0.614	0.519	0.218	0.369	0.636	0.557	0.236	0.309	0.421	0.356	0.463	0.504	0.387	0.452	0.066	0.751	0.457	0.710	0.183	0.416	0.398	0.656	0.498	0.292	0.122	0.634	0.442	0.623
NLF011	0.000	1.000	0.187	0.660	0.199	0.147	0.225	0.000	0.130	0.362	0.513	1.000	0.332	0.138	0.257	0.012	0.506	0.168	0.136	0.397	0.707	0.251	0.485	0.413	0.630	0.577	0.442	0.289	0.585	0.667	0.500	0.228	0.474	0.466	0.507	0.478	0.507	0.260	0.661	0.483	0.501	0.232	0.879	0.352	0.295	0.461	1.000	0.309	0.000	0.371	0.898	0.740	0.768	0.247	0.271	0.510	0.658	0.530	0.295	0.400	0.676	0.639	0.232	0.349	0.467	0.414	0.497	0.529	0.439	0.510	0.070	0.794	0.485	0.722	0.257	0.463	0.418	0.741	0.471	0.364	0.154	0.635	0.465	0.707
NLF013	0.000	1.000	0.072	0.679	0.155	0.126	0.214	0.000	0.135	0.284	0.391	1.000	0.277	0.096	0.242	0.005	0.545	0.135	0.106	0.318	0.738	0.301	0.580	0.476	0.711	0.612	0.469	0.350	0.672	0.707	0.540	0.259	0.518	0.565	0.572	0.499	0.515	0.305	0.749	0.566	0.544	0.277	0.906	0.436	0.365	0.551	1.000	0.332	0.000	0.435	0.979	0.803	0.805	0.293	0.327	0.612	0.717	0.548	0.375	0.465	0.761	0.679	0.277	0.395	0.487	0.503	0.567	0.581	0.510	0.534	0.087	0.905	0.556	0.740	0.297	0.538	0.507	0.783	0.478	0.414	0.214	0.722	0.498	0.738
NLF014	0.000	1.000	0.188	0.786	0.160	0.082	0.146	0.000	0.146	0.477	0.523	1.000	0.537	0.132	0.272	0.034	0.598	0.178	0.134	0.538	0.688	0.279	0.502	0.411	0.525	0.596	0.514	0.321	0.581	0.625	0.470	0.277	0.475	0.503	0.489	0.463	0.552	0.230	0.601	0.510	0.525	0.232	0.919	0.289	0.312	0.372	1.000	0.331	0.000	0.336	0.828	0.805	0.843	0.211	0.198	0.547	0.629	0.581	0.299	0.395	0.705	0.610	0.232	0.349	0.474	0.398	0.442	0.582	0.388	0.537	0.071	0.847	0.498	0.741	0.289	0.410	0.477	0.669	0.533	0.298	0.089	0.722	0.475	0.688
NLM001	0.000	1.000	0.283	0.909	0.131	0.112	0.175	0.000	0.121	0.222	0.278	1.000	0.364	0.117	0.200	0.015	0.444	0.123	0.112	0.362	0.731	0.314	0.556	0.464	0.660	0.664	0.458	0.341	0.633	0.699	0.553	0.267	0.472	0.543	0.598	0.515	0.530	0.291	0.728	0.550	0.645	0.250	0.779	0.428	0.369	0.544	0.927	0.362	0.000	0.380	1.000	0.802	0.855	0.256	0.284	0.593	0.722	0.570	0.334	0.446	0.699	0.695	0.250	0.437	0.495	0.429	0.566	0.603	0.491	0.579	0.102	0.849	0.580	0.716	0.286	0.513	0.485	0.762	0.559	0.363	0.169	0.729	0.523	0.731
NLM004	0.000	1.000	0.204	0.782	0.167	0.175	0.256	0.010	0.117	0.170	0.275	1.000	0.211	0.173	0.237	0.000	0.402	0.185	0.107	0.324	0.733	0.276	0.624	0.437	0.733	0.661	0.328	0.374	0.707	0.684	0.551	0.225	0.474	0.622	0.630	0.446	0.488	0.308	0.769	0.557	0.696	0.230	0.634	0.499	0.414	0.602	0.912	0.319	0.000	0.481	1.000	0.757	0.722	0.239	0.395	0.637	0.761	0.532	0.266	0.482	0.741	0.682	0.230	0.420	0.462	0.475	0.653	0.546	0.488	0.511	0.141	0.859	0.573	0.693	0.198	0.603	0.490	0.781	0.561	0.366	0.194	0.695	0.547	0.733
NLM006	0.155	0.775	0.000	1.000	0.243	0.104	0.227	0.000	0.165	0.393	0.327	1.000	0.413	0.051	0.262	0.038	0.584	0.053	0.126	0.516	0.861	0.310	0.539	0.474	0.642	0.680	0.595	0.356	0.685	0.775	0.545	0.277	0.546	0.577	0.556	0.564	0.625	0.274	0.740	0.580	0.603	0.281	1.000	0.390	0.429	0.598	0.975	0.335	0.000	0.456	0.972	0.878	0.922	0.275	0.310	0.622	0.651	0.659	0.479	0.456	0.717	0.818	0.281	0.419	0.502	0.506	0.523	0.691	0.524	0.558	0.094	0.966	0.579	0.715	0.444	0.511	0.559	0.783	0.580	0.370	0.147	0.756	0.507	0.861
NLM007	0.000	1.000	0.057	0.867	0.187	0.088	0.196	0.001	0.153	0.307	0.359	1.000	0.366	0.069	0.242	0.000	0.486	0.121	0.072	0.423	0.794	0.303	0.555	0.449	0.647	0.635	0.542	0.340	0.700	0.666	0.543	0.261	0.473	0.621	0.561	0.510	0.540	0.271	0.748	0.574	0.568	0.279	0.921	0.400	0.374	0.491	1.000	0.361	0.000	0.403	0.965	0.834	0.846	0.278	0.273	0.644	0.675	0.617	0.386	0.452	0.772	0.681	0.279	0.389	0.504	0.503	0.501	0.623	0.512	0.582	0.098	0.875	0.532	0.764	0.321	0.530	0.523	0.724	0.552	0.385	0.169	0.741	0.466	0.794
NLM008	0.000	1.000	0.174	0.728	0.162	0.127	0.210	0.000	0.134	0.198	0.414	1.000	0.291	0.170	0.233	0.006	0.481	0.197	0.104	0.370	0.710	0.281	0.560	0.431	0.672	0.612	0.398	0.348	0.637	0.670	0.532	0.244	0.487	0.534	0.571	0.464	0.490	0.284	0.727	0.529	0.586	0.263	0.765	0.419	0.346	0.477	1.000	0.335	0.000	0.417	0.959	0.754	0.778	0.245	0.323	0.562	0.707	0.550	0.256	0.460	0.726	0.640	0.263	0.371	0.466	0.446	0.563	0.554	0.457	0.515	0.102	0.848	0.541	0.735	0.216	0.521	0.473	0.736	0.524	0.365	0.173	0.702	0.495	0.710
NLM009	0.100	0.337	0.000	1.000	0.174	0.128	0.218	0.000	0.066	0.244	0.131	1.000	0.212	0.082	0.264	0.050	0.514	0.017	0.107	0.450	0.862	0.374	0.595	0.481	0.787	0.637	0.567	0.362	0.749	0.765	0.576	0.287	0.507	0.622	0.681	0.560	0.632	0.375	0.719	0.608	0.685	0.267	0.864	0.524	0.490	0.666	0.838	0.410	0.000	0.546	1.000	0.867	0.859	0.350	0.424	0.646	0.791	0.600	0.462	0.475	0.724	0.859	0.267	0.489	0.428	0.554	0.682	0.695	0.567	0.581	0.142	0.980	0.653	0.637	0.437	0.604	0.558	0.859	0.510	0.454	0.167	0.732	0.617	0.862
NLM010	0.176	1.000	0.000	0.864	0.195	0.115	0.202	0.000	0.121	0.353	0.362	1.000	0.343	0.082	0.219	0.016	0.621	0.086	0.109	0.408	0.814	0.315	0.554	0.484	0.685	0.646	0.554	0.342	0.678	0.738	0.545	0.281	0.538	0.594	0.559	0.527	0.594	0.311	0.714	0.577	0.559	0.305	0.979	0.399	0.385	0.552	1.000	0.354	0.000	0.437	0.972	0.856	0.849	0.296	0.306	0.668	0.704	0.622	0.422	0.450	0.722	0.758	0.305	0.417	0.507	0.496	0.565	0.635	0.509	0.572	0.080	0.967	0.593	0.724	0.374	0.517	0.541	0.789	0.510	0.404	0.176	0.713	0.532	0.814
NLM015	0.000	1.000	0.012	0.875	0.193	0.106	0.209	0.000	0.151	0.302	0.307	1.000	0.354	0.052	0.211	0.026	0.552	0.079	0.130	0.387	0.812	0.312	0.530	0.483	0.629	0.687	0.552	0.346	0.643	0.761	0.553	0.273	0.521	0.558	0.560	0.552	0.570	0.289	0.752	0.566	0.595	0.281	0.916	0.414	0.381	0.605	0.938	0.348	0.000	0.420	1.000	0.829	0.874	0.289	0.305	0.623	0.668	0.605	0.449	0.457	0.687	0.765	0.281	0.444	0.496	0.487	0.541	0.651	0.538	0.554	0.085	0.923	0.606	0.699	0.375	0.503	0.548	0.779	0.548	0.357	0.188	0.712	0.495	0.812
NLM016	0.000	0.163	0.383	1.000	0.121	0.109	0.249	0.000	0.103	0.278	0.033	1.000	0.254	0.125	0.331	0.032	0.410	0.034	0.177	0.442	0.805	0.421	0.777	0.470	0.751	0.824	0.506	0.420	0.740	0.872	0.654	0.276	0.553	0.646	0.772	0.548	0.744	0.332	0.737	0.633	0.889	0.219	0.617	0.671	0.624	0.750	0.712	0.443	0.000	0.576	0.994	0.982	0.922	0.282	0.515	0.669	0.858	0.647	0.368	0.560	0.610	1.000	0.219	0.648	0.524	0.484	0.697	0.764	0.551	0.656	0.195	0.997	0.766	0.531	0.460	0.672	0.605	0.947	0.630	0.372	0.161	0.795	0.795	0.805
NLM021	0.313	0.877	0.000	1.000	0.226	0.117	0.210	0.000	0.112	0.380	0.290	1.000	0.257	0.058	0.267	0.012	0.694	0.049	0.115	0.423	0.835	0.311	0.565	0.486	0.714	0.609	0.564	0.353	0.699	0.725	0.545	0.284	0.547	0.592	0.588	0.514	0.566	0.332	0.703	0.618	0.540	0.286	0.983	0.444	0.426	0.602	0.918	0.344	0.000	0.497	0.937	0.844	0.817	0.343	0.358	0.654	0.702	0.586	0.489	0.448	0.748	0.766	0.286	0.422	0.476	0.565	0.581	0.614	0.524	0.550	0.087	1.000	0.586	0.689	0.423	0.532	0.556	0.798	0.464	0.435	0.191	0.711	0.509	0.835
NLM022	0.052	1.000	0.000	0.681	0.167	0.121	0.189	0.000	0.119	0.258	0.355	1.000	0.245	0.079	0.194	0.018	0.557	0.106	0.106	0.291	0.771	0.316	0.556	0.466	0.705	0.625	0.468	0.354	0.635	0.737	0.536	0.280	0.532	0.546	0.573	0.508	0.525	0.327	0.746	0.551	0.556	0.294	0.888	0.433	0.353	0.593	0.960	0.337	0.000	0.420	1.000	0.797	0.796	0.322	0.333	0.616	0.697	0.575	0.396	0.461	0.677	0.746	0.294	0.425	0.467	0.495	0.590	0.599	0.539	0.525	0.081	0.911	0.607	0.684	0.316	0.528	0.516	0.780	0.474	0.414	0.228	0.665	0.504	0.771
NLM023	0.026	1.000	0.000	0.799	0.218	0.093	0.187	0.000	0.153	0.404	0.457	1.000	0.435	0.076	0.230	0.024	0.553	0.118	0.116	0.476	0.771	0.277	0.492	0.442	0.594	0.625	0.516	0.332	0.642	0.662	0.502	0.267	0.486	0.557	0.494	0.510	0.560	0.254	0.688	0.519	0.529	0.283	0.947	0.329	0.346	0.499	1.000	0.306	0.000	0.393	0.914	0.799	0.831	0.229	0.254	0.600	0.634	0.599	0.399	0.402	0.705	0.673	0.283	0.362	0.487	0.437	0.483	0.610	0.469	0.535	0.076	0.864	0.513	0.733	0.333	0.471	0.497	0.719	0.536	0.342	0.140	0.696	0.466	0.771
NLM024	0.029	0.506	0.000	1.000	0.248	0.147	0.316	0.000	0.165	0.386	0.276	1.000	0.439	0.041	0.328	0.049	0.556	0.063	0.161	0.499	0.897	0.323	0.602	0.475	0.637	0.758	0.675	0.338	0.720	0.857	0.599	0.236	0.572	0.617	0.603	0.570	0.658	0.280	0.759	0.625	0.703	0.237	0.979	0.442	0.427	0.651	0.979	0.393	0.000	0.483	0.983	0.949	0.965	0.253	0.340	0.668	0.651	0.708	0.489	0.508	0.748	0.896	0.237	0.462	0.525	0.501	0.560	0.741	0.568	0.566	0.110	1.000	0.619	0.751	0.430	0.553	0.592	0.805	0.679	0.343	0.162	0.789	0.536	0.897
NLM025	0.000	0.547	0.281	1.000	0.159	0.104	0.292	0.006	0.131	0.233	0.097	1.000	0.215	0.104	0.312	0.000	0.436	0.048	0.133	0.338	0.789	0.359	0.765	0.484	0.768	0.718	0.541	0.402	0.768	0.817	0.645	0.246	0.557	0.656	0.709	0.531	0.634	0.319	0.803	0.640	0.740	0.217	0.756	0.648	0.549	0.667	0.840	0.430	0.000	0.560	1.000	0.939	0.875	0.321	0.469	0.653	0.807	0.614	0.377	0.568	0.776	0.876	0.217	0.520	0.517	0.582	0.642	0.679	0.576	0.594	0.167	0.975	0.662	0.665	0.393	0.662	0.598	0.895	0.570	0.414	0.221	0.819	0.649	0.789
NLM026	0.127	1.000	0.000	0.944	0.235	0.139	0.233	0.000	0.143	0.317	0.397	1.000	0.299	0.067	0.249	0.016	0.582	0.091	0.106	0.408	0.841	0.288	0.538	0.501	0.733	0.636	0.518	0.344	0.684	0.753	0.564	0.262	0.539	0.542	0.573	0.569	0.577	0.304	0.752	0.579	0.558	0.310	0.962	0.424	0.380	0.623	1.000	0.320	0.000	0.455	0.999	0.836	0.867	0.323	0.338	0.607	0.683	0.634	0.452	0.449	0.718	0.801	0.310	0.393	0.487	0.536	0.571	0.627	0.546	0.540	0.089	0.954	0.580	0.732	0.366	0.542	0.521	0.799	0.512	0.429	0.191	0.707	0.503	0.841
NLM027	0.000	0.828	0.358	1.000	0.217	0.101	0.273	0.047	0.187	0.217	0.311	1.000	0.304	0.026	0.291	0.000	0.273	0.165	0.092	0.414	0.756	0.242	0.516	0.419	0.660	0.595	0.388	0.353	0.700	0.655	0.471	0.209	0.366	0.651	0.543	0.495	0.483	0.252	0.791	0.486	0.667	0.216	0.678	0.410	0.351	0.681	0.827	0.282	0.000	0.402	1.000	0.711	0.733	0.210	0.298	0.622	0.631	0.486	0.411	0.443	0.753	0.633	0.216	0.355	0.425	0.465	0.552	0.563	0.514	0.500	0.155	0.734	0.513	0.685	0.210	0.563	0.482	0.690	0.570	0.331	0.152	0.668	0.460	0.756
NLM028	0.000	1.000	0.100	0.678	0.143	0.123	0.179	0.000	0.133	0.214	0.424	1.000	0.264	0.123	0.225	0.000	0.475	0.191	0.072	0.316	0.710	0.292	0.556	0.446	0.703	0.575	0.396	0.361	0.673	0.632	0.503	0.267	0.476	0.567	0.564	0.468	0.467	0.307	0.751	0.532	0.565	0.283	0.811	0.406	0.330	0.514	1.000	0.324	0.000	0.413	0.985	0.742	0.761	0.266	0.316	0.596	0.705	0.543	0.318	0.442	0.741	0.632	0.283	0.364	0.470	0.462	0.574	0.545	0.481	0.532	0.095	0.842	0.533	0.728	0.220	0.548	0.475	0.722	0.495	0.403	0.200	0.700	0.475	0.710
NLM029	0.000	1.000	0.026	0.595	0.203	0.148	0.228	0.000	0.123	0.267	0.428	1.000	0.273	0.101	0.214	0.021	0.564	0.121	0.143	0.308	0.774	0.273	0.528	0.479	0.703	0.635	0.440	0.334	0.642	0.736	0.524	0.249	0.524	0.525	0.552	0.512	0.518	0.315	0.735	0.539	0.571	0.287	0.870	0.401	0.330	0.609	0.979	0.303	0.000	0.406	1.000	0.777	0.784	0.286	0.323	0.620	0.699	0.581	0.376	0.431	0.656	0.764	0.287	0.399	0.474	0.462	0.604	0.569	0.523	0.503	0.076	0.905	0.568	0.694	0.293	0.539	0.464	0.808	0.499	0.390	0.216	0.637	0.497	0.774
NLM031	0.000	1.000	0.052	0.898	0.189	0.104	0.191	0.000	0.127	0.319	0.392	1.000	0.340	0.083	0.231	0.014	0.545	0.135	0.118	0.402	0.799	0.305	0.557	0.474	0.696	0.624	0.503	0.360	0.672	0.730	0.521	0.284	0.520	0.557	0.580	0.530	0.552	0.311	0.744	0.564	0.577	0.282	0.936	0.406	0.335	0.593	0.997	0.346	0.000	0.408	1.000	0.829	0.867	0.293	0.307	0.619	0.717	0.576	0.413	0.453	0.738	0.733	0.282	0.410	0.502	0.480	0.576	0.613	0.502	0.576	0.093	0.928	0.585	0.740	0.301	0.542	0.510	0.800	0.504	0.403	0.172	0.723	0.510	0.799
NOF001	0.034	1.000	0.000	0.981	0.186	0.120	0.253	0.000	0.170	0.319	0.354	1.000	0.346	0.081	0.249	0.035	0.557	0.072	0.123	0.423	0.793	0.316	0.573	0.466	0.675	0.672	0.531	0.347	0.686	0.757	0.558	0.251	0.544	0.559	0.572	0.532	0.597	0.260	0.743	0.576	0.586	0.280	0.943	0.420	0.427	0.553	1.000	0.329	0.000	0.453	0.966	0.858	0.877	0.286	0.323	0.595	0.684	0.633	0.393	0.471	0.722	0.778	0.280	0.409	0.472	0.523	0.522	0.669	0.522	0.515	0.100	0.945	0.567	0.717	0.386	0.530	0.536	0.791	0.550	0.381	0.174	0.751	0.524	0.793
NOF005	0.000	1.000	0.012	0.726	0.165	0.108	0.193	0.000	0.128	0.294	0.402	1.000	0.310	0.091	0.221	0.009	0.526	0.120	0.089	0.355	0.749	0.301	0.547	0.460	0.677	0.609	0.478	0.348	0.665	0.678	0.526	0.269	0.493	0.580	0.547	0.501	0.530	0.297	0.725	0.544	0.539	0.294	0.906	0.398	0.368	0.511	1.000	0.329	0.000	0.427	0.957	0.795	0.798	0.273	0.307	0.618	0.686	0.579	0.368	0.446	0.733	0.677	0.294	0.381	0.478	0.478	0.546	0.595	0.506	0.537	0.087	0.876	0.549	0.726	0.309	0.516	0.511	0.741	0.496	0.397	0.193	0.703	0.490	0.749
NOF006	0.000	1.000	0.080	0.766	0.166	0.096	0.157	0.000	0.130	0.454	0.484	1.000	0.498	0.097	0.239	0.038	0.582	0.165	0.128	0.485	0.711	0.294	0.498	0.427	0.542	0.622	0.534	0.320	0.610	0.634	0.486	0.279	0.479	0.531	0.496	0.481	0.557	0.253	0.622	0.518	0.537	0.255	0.934	0.300	0.313	0.433	1.000	0.339	0.000	0.372	0.858	0.806	0.835	0.208	0.226	0.575	0.637	0.573	0.359	0.394	0.712	0.610	0.255	0.371	0.482	0.395	0.469	0.602	0.431	0.542	0.065	0.848	0.514	0.747	0.298	0.432	0.494	0.684	0.545	0.313	0.123	0.714	0.478	0.711
NOF007	0.075	1.000	0.000	0.833	0.206	0.109	0.193	0.000	0.128	0.331	0.446	1.000	0.351	0.106	0.231	0.013	0.538	0.141	0.092	0.430	0.765	0.287	0.512	0.430	0.633	0.614	0.488	0.325	0.661	0.633	0.519	0.258	0.476	0.564	0.532	0.487	0.529	0.277	0.684	0.539	0.538	0.282	0.896	0.361	0.344	0.472	1.000	0.326	0.000	0.405	0.913	0.790	0.796	0.261	0.277	0.602	0.663	0.600	0.357	0.409	0.717	0.659	0.282	0.366	0.462	0.464	0.513	0.594	0.483	0.526	0.084	0.859	0.510	0.739	0.299	0.499	0.481	0.712	0.527	0.371	0.160	0.681	0.464	0.765
NOF008	0.282	1.000	0.000	0.975	0.246	0.122	0.226	0.000	0.143	0.323	0.379	1.000	0.336	0.056	0.241	0.019	0.665	0.096	0.123	0.403	0.861	0.294	0.534	0.505	0.700	0.639	0.569	0.340	0.663	0.770	0.568	0.265	0.562	0.540	0.567	0.565	0.587	0.302	0.734	0.601	0.546	0.325	0.970	0.418	0.348	0.648	0.970	0.339	0.000	0.430	0.986	0.861	0.885	0.322	0.320	0.641	0.671	0.636	0.488	0.441	0.701	0.818	0.325	0.394	0.498	0.522	0.562	0.648	0.552	0.539	0.074	1.000	0.605	0.732	0.370	0.527	0.537	0.810	0.508	0.408	0.197	0.692	0.494	0.861
NOF009	0.000	1.000	0.161	0.811	0.225	0.088	0.201	0.000	0.169	0.434	0.595	1.000	0.501	0.121	0.285	0.034	0.574	0.203	0.144	0.548	0.695	0.246	0.498	0.385	0.506	0.595	0.492	0.315	0.578	0.617	0.479	0.237	0.468	0.495	0.460	0.454	0.536	0.213	0.604	0.490	0.490	0.248	0.879	0.301	0.301	0.371	1.000	0.305	0.000	0.363	0.778	0.780	0.801	0.191	0.235	0.520	0.576	0.587	0.285	0.407	0.687	0.600	0.248	0.315	0.457	0.399	0.421	0.566	0.404	0.489	0.079	0.810	0.466	0.736	0.262	0.423	0.470	0.640	0.537	0.283	0.103	0.683	0.434	0.695
NOF010	0.189	0.836	0.000	1.000	0.192	0.110	0.184	0.000	0.127	0.392	0.319	1.000	0.424	0.079	0.238	0.014	0.647	0.072	0.095	0.505	0.815	0.318	0.572	0.498	0.648	0.662	0.612	0.343	0.704	0.703	0.562	0.294	0.526	0.597	0.584	0.543	0.610	0.302	0.674	0.631	0.576	0.299	1.000	0.393	0.432	0.509	0.986	0.373	0.000	0.452	0.918	0.910	0.917	0.299	0.286	0.652	0.691	0.658	0.446	0.442	0.760	0.745	0.299	0.423	0.520	0.525	0.536	0.650	0.495	0.607	0.085	0.984	0.578	0.742	0.427	0.500	0.571	0.754	0.554	0.392	0.143	0.795	0.518	0.815
NOF011	0.059	1.000	0.000	0.961	0.221	0.091	0.175	0.000	0.140	0.425	0.426	1.000	0.460	0.088	0.255	0.023	0.628	0.125	0.142	0.514	0.794	0.282	0.517	0.463	0.600	0.636	0.553	0.342	0.626	0.710	0.516	0.286	0.524	0.516	0.542	0.524	0.576	0.269	0.670	0.568	0.560	0.268	0.969	0.343	0.338	0.519	1.000	0.336	0.000	0.384	0.922	0.847	0.897	0.264	0.252	0.591	0.664	0.618	0.402	0.414	0.710	0.732	0.268	0.384	0.496	0.462	0.513	0.620	0.458	0.553	0.076	0.938	0.561	0.743	0.343	0.464	0.514	0.759	0.540	0.338	0.122	0.731	0.489	0.794
NOF012	0.187	0.962	0.000	1.000	0.261	0.116	0.226	0.000	0.154	0.378	0.446	1.000	0.429	0.078	0.260	0.021	0.603	0.112	0.121	0.504	0.811	0.258	0.501	0.476	0.629	0.636	0.548	0.324	0.663	0.684	0.552	0.248	0.504	0.536	0.522	0.548	0.575	0.260	0.683	0.566	0.526	0.305	0.961	0.361	0.365	0.547	1.000	0.301	0.000	0.423	0.909	0.836	0.873	0.258	0.274	0.592	0.633	0.641	0.442	0.398	0.719	0.732	0.305	0.347	0.478	0.492	0.504	0.622	0.503	0.513	0.078	0.916	0.520	0.754	0.366	0.482	0.510	0.745	0.545	0.358	0.147	0.717	0.459	0.811
NOF014	0.000	1.000	0.145	0.703	0.191	0.114	0.247	0.000	0.173	0.284	0.433	1.000	0.325	0.085	0.241	0.003	0.549	0.157	0.125	0.367	0.740	0.268	0.560	0.467	0.662	0.618	0.480	0.340	0.674	0.688	0.528	0.237	0.514	0.550	0.537	0.496	0.510	0.266	0.751	0.553	0.527	0.292	0.894	0.407	0.346	0.541	1.000	0.318	0.000	0.431	0.950	0.786	0.807	0.254	0.320	0.592	0.685	0.543	0.376	0.452	0.752	0.650	0.292	0.367	0.520	0.475	0.515	0.564	0.483	0.538	0.083	0.881	0.512	0.752	0.284	0.536	0.488	0.773	0.502	0.379	0.196	0.720	0.465	0.740
NOM004	0.000	1.000	0.117	0.804	0.212	0.073	0.207	0.000	0.188	0.325	0.412	1.000	0.392	0.048	0.286	0.017	0.502	0.168	0.100	0.460	0.792	0.284	0.501	0.460	0.612	0.619	0.539	0.355	0.670	0.685	0.521	0.259	0.487	0.587	0.507	0.529	0.534	0.258	0.779	0.525	0.577	0.277	0.906	0.369	0.336	0.533	1.000	0.341	0.000	0.423	0.987	0.772	0.842	0.235	0.290	0.610	0.626	0.606	0.408	0.450	0.774	0.676	0.277	0.349	0.488	0.467	0.500	0.625	0.498	0.534	0.097	0.873	0.528	0.783	0.287	0.506	0.524	0.701	0.581	0.346	0.159	0.729	0.448	0.792
NOM007	0.000	1.000	0.184	0.656	0.180	0.161	0.236	0.000	0.142	0.259	0.492	1.000	0.263	0.149	0.239	0.013	0.466	0.171	0.149	0.343	0.706	0.261	0.511	0.428	0.679	0.584	0.386	0.318	0.615	0.678	0.513	0.227	0.480	0.480	0.535	0.485	0.504	0.267	0.709	0.488	0.524	0.249	0.827	0.398	0.306	0.539	1.000	0.293	0.000	0.402	0.950	0.730	0.752	0.259	0.317	0.520	0.691	0.521	0.297	0.410	0.674	0.672	0.249	0.356	0.448	0.442	0.537	0.542	0.469	0.484	0.087	0.806	0.517	0.699	0.226	0.511	0.433	0.782	0.460	0.374	0.180	0.636	0.492	0.706
NOM009	0.000	1.000	0.116	0.759	0.160	0.128	0.203	0.015	0.146	0.178	0.340	1.000	0.247	0.103	0.204	0.000	0.406	0.159	0.074	0.308	0.723	0.278	0.549	0.438	0.699	0.585	0.386	0.353	0.686	0.630	0.498	0.247	0.432	0.600	0.572	0.468	0.445	0.306	0.770	0.527	0.578	0.271	0.761	0.428	0.348	0.549	0.933	0.316	0.000	0.405	1.000	0.723	0.735	0.265	0.314	0.614	0.699	0.519	0.333	0.442	0.720	0.635	0.271	0.381	0.454	0.472	0.583	0.534	0.506	0.528	0.108	0.800	0.538	0.679	0.226	0.564	0.482	0.722	0.487	0.390	0.204	0.680	0.455	0.723
NOM012	0.000	1.000	0.077	0.702	0.181	0.127	0.244	0.000	0.179	0.274	0.386	1.000	0.308	0.111	0.231	0.013	0.546	0.110	0.122	0.370	0.767	0.298	0.554	0.467	0.674	0.656	0.481	0.338	0.672	0.719	0.547	0.240	0.523	0.548	0.565	0.508	0.539	0.260	0.760	0.564	0.573	0.277	0.882	0.421	0.380	0.524	1.000	0.330	0.000	0.428	0.986	0.796	0.825	0.280	0.324	0.602	0.694	0.612	0.341	0.461	0.702	0.741	0.277	0.401	0.496	0.493	0.520	0.613	0.501	0.532	0.092	0.910	0.552	0.714	0.317	0.542	0.500	0.779	0.530	0.379	0.189	0.711	0.498	0.767
NOM014	0.000	1.000	0.120	0.714	0.202	0.101	0.201	0.000	0.164	0.315	0.530	1.000	0.381	0.093	0.252	0.018	0.507	0.224	0.096	0.424	0.722	0.271	0.504	0.409	0.592	0.597	0.464	0.320	0.608	0.629	0.515	0.239	0.461	0.526	0.507	0.471	0.503	0.243	0.684	0.511	0.505	0.266	0.852	0.362	0.283	0.460	1.000	0.321	0.000	0.380	0.882	0.756	0.785	0.229	0.272	0.557	0.618	0.567	0.328	0.421	0.711	0.611	0.266	0.341	0.475	0.421	0.464	0.571	0.458	0.521	0.083	0.805	0.500	0.752	0.228	0.474	0.473	0.672	0.512	0.343	0.156	0.668	0.436	0.722
NOM016	0.000	1.000	0.069	0.783	0.163	0.095	0.169	0.000	0.131	0.348	0.434	1.000	0.348	0.108	0.250	0.013	0.532	0.157	0.095	0.422	0.726	0.302	0.527	0.431	0.636	0.583	0.486	0.338	0.633	0.650	0.507	0.274	0.490	0.541	0.532	0.481	0.520	0.280	0.699	0.522	0.516	0.263	0.914	0.375	0.335	0.461	1.000	0.341	0.000	0.397	0.929	0.779	0.809	0.267	0.274	0.566	0.684	0.538	0.344	0.432	0.749	0.613	0.263	0.371	0.467	0.461	0.509	0.583	0.455	0.539	0.085	0.857	0.527	0.743	0.282	0.481	0.493	0.723	0.479	0.380	0.155	0.714	0.477	0.726
NOM019	0.505	0.525	0.000	1.000	0.274	0.131	0.257	0.000	0.157	0.332	0.258	1.000	0.349	0.042	0.247	0.035	0.747	0.037	0.127	0.496	0.843	0.288	0.519	0.487	0.645	0.621	0.589	0.316	0.655	0.734	0.543	0.244	0.521	0.554	0.550	0.536	0.591	0.283	0.662	0.612	0.532	0.309	0.913	0.416	0.420	0.606	0.838	0.326	0.000	0.453	0.881	0.847	0.845	0.319	0.317	0.640	0.629	0.597	0.504	0.431	0.674	0.776	0.309	0.399	0.447	0.546	0.522	0.643	0.522	0.510	0.087	1.000	0.571	0.648	0.451	0.491	0.549	0.757	0.488	0.379	0.158	0.685	0.481	0.843
NOM025	0.087	1.000	0.000	0.752	0.167	0.090	0.154	0.000	0.118	0.311	0.345	1.000	0.369	0.075	0.190	0.025	0.567	0.111	0.101	0.359	0.775	0.314	0.510	0.481	0.637	0.635	0.507	0.350	0.640	0.702	0.496	0.300	0.505	0.545	0.552	0.521	0.528	0.313	0.718	0.553	0.602	0.291	0.887	0.354	0.331	0.568	0.941	0.347	0.000	0.364	1.000	0.800	0.848	0.297	0.257	0.636	0.669	0.604	0.416	0.422	0.666	0.735	0.291	0.419	0.465	0.465	0.568	0.615	0.512	0.541	0.077	0.918	0.598	0.693	0.317	0.502	0.511	0.733	0.539	0.367	0.181	0.692	0.486	0.775
NOM026	0.000	1.000	0.277	0.304	0.235	0.148	0.269	0.000	0.216	0.219	0.750	1.000	0.303	0.063	0.245	0.025	0.425	0.271	0.175	0.295	0.697	0.197	0.488	0.394	0.606	0.604	0.286	0.346	0.594	0.675	0.457	0.195	0.463	0.488	0.478	0.439	0.403	0.246	0.780	0.458	0.545	0.250	0.738	0.341	0.221	0.688	1.000	0.195	0.000	0.339	0.970	0.671	0.698	0.183	0.282	0.542	0.580	0.518	0.341	0.394	0.624	0.678	0.250	0.302	0.412	0.392	0.546	0.509	0.482	0.374	0.088	0.759	0.484	0.690	0.122	0.521	0.414	0.729	0.529	0.291	0.208	0.583	0.377	0.697
NOM027	0.000	1.000	0.049	0.789	0.231	0.110	0.216	0.021	0.188	0.191	0.333	1.000	0.269	0.075	0.233	0.000	0.394	0.149	0.076	0.378	0.767	0.247	0.481	0.417	0.656	0.571	0.420	0.327	0.660	0.620	0.498	0.225	0.406	0.588	0.546	0.467	0.436	0.257	0.767	0.521	0.577	0.267	0.744	0.390	0.331	0.546	0.897	0.305	0.000	0.366	1.000	0.695	0.719	0.269	0.268	0.611	0.632	0.562	0.351	0.411	0.693	0.664	0.267	0.336	0.430	0.491	0.521	0.536	0.503	0.494	0.106	0.779	0.510	0.684	0.237	0.526	0.465	0.678	0.523	0.356	0.178	0.632	0.409	0.767
NOM028	0.025	1.000	0.000	0.825	0.176	0.099	0.179	0.000	0.123	0.280	0.400	1.000	0.371	0.066	0.215	0.012	0.506	0.161	0.078	0.390	0.777	0.303	0.524	0.464	0.651	0.640	0.511	0.341	0.690	0.650	0.538	0.274	0.479	0.597	0.553	0.515	0.541	0.290	0.721	0.558	0.598	0.302	0.884	0.368	0.331	0.563	1.000	0.345	0.000	0.411	0.976	0.812	0.829	0.255	0.275	0.640	0.662	0.611	0.430	0.414	0.751	0.669	0.302	0.379	0.484	0.463	0.543	0.620	0.514	0.549	0.084	0.876	0.549	0.776	0.280	0.516	0.514	0.705	0.582	0.375	0.178	0.715	0.484	0.777
